,occupation,masclineWordCount,feminineWordCount,wordCount
index,,,,
3769,pharmacist,2169,1600,291545
16519,nurse,5596,7154,679924
16860,carpentor,121,220,57728
19786,software_engineer,1276,1650,201795
19786,receptionist,0,0,0
26940,electrician,2842,4312,1081822
36321,secretary,2242,7139,387630
39705,beautician,1368,2016,339230
40545,security_guard,322,518,64204
44503,driver,2331,1627,456702
45551,childminder,56,992,22392
