,occupation,masclineWordCount,feminineWordCount,wordCount
index,,,,
538,pharmacist,349,188,123134
2266,nurse,540,1188,254316
2922,carpentor,287,369,191272
12299,software_engineer,6842,2535,2143315
13341,receptionist,539,503,281762
15001,electrician,513,1147,444990
15309,beautician,136,172,88040
16336,security_guard,585,442,278954
18006,driver,484,1186,422594
19140,childminder,350,784,136787
